0 19.832 0
1 19.664 0
2 19.4971 0
3 19.3302 0
4 19.1638 0
5 18.9974 0
6 18.831 0
7 18.6645 0
8 18.4984 0
9 18.333 0
10 18.1683 0
11 18.004 0
12 17.8398 0
13 17.6758 0
14 17.5123 0
15 17.3493 0
16 17.1868 0
17 17.0248 0
18 16.863 0
19 16.7019 0
20 16.5407 0
21 16.3795 0
22 16.2184 0
23 16.0559 0
24 15.892 0
25 15.7264 0
26 15.559 0
27 15.3895 0
28 15.218 0
29 15.0457 0
30 14.871 0
31 14.694 0
32 14.5147 0
33 14.3327 0
34 14.1484 0
35 13.9611 0
36 13.7713 0
37 13.5784 0
38 13.3831 0
39 13.1847 0
40 12.983 0
41 12.7785 0
42 12.571 0
43 12.3607 0
44 12.1468 0
45 11.9294 0
46 11.7087 0
47 11.4842 0
48 11.2557 0
49 11.0231 0
50 10.7865 0
51 10.546 0
52 10.3025 0
53 10.0583 0
54 9.8138 0
55 9.56592 0
56 9.31457 0
57 9.0611 0
58 8.80463 0
59 8.54579 0
60 8.28537 0
61 8.21366 0.174225
62 8.03656 0.250691
63 7.82899 0.298832
64 7.5989 0.32539
65 7.36693 0.350118
66 7.13603 0.375428
67 6.88774 0.384854
68 6.62968 0.384854
69 6.37185 0.384854
70 6.11525 0.384854
71 5.85955 0.384854
72 5.60356 0.384854
73 5.34736 0.384854
74 5.09213 0.384854
75 4.83764 0.384854
76 4.58394 0.384854
77 4.33145 0.384854
78 4.07887 0.384854
79 3.82792 0.384854
80 3.57726 0.384854
81 3.32807 0.384854
82 3.07891 0.384854
83 2.82894 0.384854
84 2.57768 0.384854
85 2.32643 0.384854
86 2.07479 0.384854
87 1.82128 0.384854
88 1.56691 0.384854
89 1.31095 0.384854
90 1.05353 0.384854
91 0.7954 0.384854
92 1.24593 1.04031
93 1.69508 1.69592
94 1.96506 2.17932
95 2.37497 2.80297
96 2.77597 3.42017
97 3.17351 4.03689
98 3.57408 4.6586
99 3.94101 5.25199
100 4.20128 5.74382
101 4.5713 6.34669
102 4.94408 6.95644
103 5.16994 7.42531
104 5.5114 8.01331
105 5.85211 8.60524
106 6.20411 9.21188
107 6.57638 9.8422
108 6.94225 10.4721
109 7.30043 11.1004
110 7.67643 11.7512
111 8.07789 12.4311
112 8.49701 13.133
113 8.88805 13.8069
114 9.29969 14.5062
115 9.73659 15.2353
116 10.1853 15.9824
117 10.618 16.719
118 11.0236 17.4363
119 11.4447 18.1755
120 11.8764 18.9312
121 12.3187 19.7066
122 13.0639 20.761
123 13.7273 21.746
124 14.4711 22.8185
125 15.5057 24.1834
126 16.4903 25.5124
127 17.383 26.7599
128 17.9737 27.721
129 18.9881 29.1073
130 19.8545 30.3624
131 20.6453 31.554
132 21.6711 32.9865
133 22.3602 34.1068
134 23.0019 35.1948
135 23.7971 36.4453
136 24.627 37.7402
137 25.4298 39.0207
138 26.1748 40.2579
139 27.0384 41.6278
140 27.8071 42.9151
141 28.7527 44.3893
142 29.7437 45.9195
143 30.53 47.2495
144 31.4839 48.7607
145 32.4846 50.3281
146 33.4124 51.8296
147 34.3664 53.3694
148 35.307 54.9096
149 36.2904 56.4969
150 37.1213 57.938
151 37.9802 59.4129
152 38.9777 61.0363
153 40.6047 63.2266
154 42.108 65.3005
155 43.4636 67.2332
156 44.5539 68.9132
157 45.9549 70.9015
158 47.2789 72.8162
159 48.3303 74.4613
160 49.4795 76.2052
161 50.8175 78.1387
162 51.9551 79.8699
163 52.8911 81.4024
164 53.7245 82.8316
165 54.5334 84.2244
166 55.287 85.5517
167 55.872 86.7109
168 56.5456 87.9523
169 57.2946 89.2579
170 57.9168 90.4177
171 58.4492 91.4927
172 59.0275 92.6061
173 59.5703 93.6883
174 60.0814 94.7428
175 60.5732 95.7673
176 60.8611 96.585
177 61.1836 97.4354
178 61.5001 98.2711
179 61.8038 99.0845
180 62.0647 99.8412
181 62.3081 100.57
182 62.5667 101.306
183 64.1209 103.22
184 65.4543 104.921
185 66.5526 106.393
186 67.4032 107.617
187 68.2582 108.845
188 69.1022 110.062
189 69.6145 110.949
190 69.9947 111.707
191 70.4302 112.519
192 70.7985 113.257
193 71.345 114.164
194 71.7889 114.956
195 72.3861 115.899
196 72.8576 116.709
197 73.312 117.506
198 73.7434 118.275
199 74.2308 119.097
200 74.6353 119.83
201 74.8797 120.394
202 75.0451 120.866
203 75.2118 121.34
204 75.4718 121.916
205 75.6339 122.378
206 75.7893 122.827
207 75.9728 123.307
208 76.0204 123.641
209 76.0309 123.927
210 76.0574 124.221
211 76.2318 124.672
212 76.2787 124.979
213 76.3569 125.316
214 77.2014 126.359
215 77.8292 127.191
216 78.4965 128.064
217 79.2029 128.974
218 79.7456 129.722
219 80.2299 130.411
220 80.661 131.044
221 80.9326 131.518
222 81.1963 131.983
223 81.5745 132.556
224 81.7923 132.962
225 82.16 133.526
226 82.4514 134.016
227 82.6781 134.447
228 82.7705 134.743
229 82.9908 135.172
230 83.1115 135.502
231 83.1369 135.741
232 83.1546 135.978
233 83.1567 136.203
234 83.0636 136.332
235 83.1246 136.625
236 83.1302 136.86
237 83.1336 137.097
238 83.1512 137.35
239 83.0359 137.469
240 82.9917 137.667
241 83.0131 137.94
242 82.9506 138.126
243 82.8178 138.243
244 82.7337 138.415
245 83.2395 139.151
246 83.4817 139.636
247 83.6608 140.059
248 83.8898 140.532
249 83.8957 140.778
250 83.8872 141.008
251 84.0182 141.379
252 83.995 141.588
253 83.9051 141.724
254 83.9824 142.036
255 83.9662 142.243
256 83.8764 142.371
257 83.8306 142.544
258 83.786 142.716
259 83.757 142.9
260 83.715 143.07
261 83.6405 143.203
262 83.575 143.342
263 83.4856 143.45
264 83.3843 143.54
265 83.3051 143.651
266 83.2249 143.756
267 83.1057 143.816
268 82.9799 143.871
269 82.8163 143.881
270 82.7013 143.951
271 82.5288 143.951
272 82.3929 143.999
273 82.2465 144.036
274 82.0696 144.036
275 81.9682 144.111
276 81.8235 144.144
277 81.6615 144.161
278 81.4827 144.161
279 81.3048 144.163
280 81.124 144.163
281 80.9419 144.163
282 80.7587 144.163
283 80.5741 144.163
284 80.3883 144.163
285 80.2012 144.163
286 80.0128 144.163
287 79.8231 144.163
288 79.632 144.163
289 79.44 144.163
290 79.2467 144.163
291 79.0523 144.163
292 78.8568 144.163
293 78.6602 144.163
294 78.4627 144.163
295 78.264 144.163
296 78.0644 144.163
297 77.8635 144.163
298 77.6617 144.163
299 77.459 144.163
300 77.2552 144.163
301 77.0498 144.163
302 76.8429 144.163
303 76.6347 144.163
304 76.425 144.163
305 76.2141 144.163
306 76.0024 144.163
307 75.79 144.163
308 75.5768 144.163
309 75.363 144.163
310 75.1484 144.163
311 74.9332 144.163
312 74.7175 144.163
313 74.5012 144.163
314 74.2848 144.163
315 74.0677 144.163
316 73.8501 144.163
317 73.632 144.163
318 73.4138 144.163
319 73.1951 144.163
320 72.976 144.163
321 72.7563 144.163
322 72.5362 144.163
323 72.3157 144.163
324 72.0948 144.163
325 71.8735 144.163
326 71.6519 144.163
327 71.4297 144.163
328 71.2072 144.163
329 70.9846 144.163
330 70.7616 144.163
331 70.5377 144.163
332 70.3129 144.163
333 70.0874 144.163
334 69.8611 144.163
335 69.6341 144.163
336 69.4065 144.163
337 69.1783 144.163
338 68.9495 144.163
339 68.7211 144.163
340 68.4919 144.163
341 68.2622 144.163
342 68.0316 144.163
343 67.8001 144.163
344 67.5677 144.163
345 67.3343 144.163
346 67.0998 144.163
347 66.8642 144.163
348 66.6275 144.163
349 66.3896 144.163
350 66.1509 144.163
351 65.9109 144.163
352 65.6696 144.163
353 65.4268 144.163
354 65.1827 144.163
355 64.9373 144.163
356 64.6903 144.163
357 64.4417 144.163
358 64.1914 144.163
359 63.9396 144.163
360 63.6862 144.163
361 63.4328 144.163
362 63.1791 144.163
363 62.9249 144.163
364 62.6703 144.163
365 62.4152 144.163
